0,426
34,350
34,349
35,360
35,359
35,358
34,348
34,347
34,46
34,44
35,357
35,356
35,355
34,346
34,345
35,354
35,353
35,352
0,425
34,344
34,343
35,351
35,350
35,349
34,342
34,341
35,348
35,347
35,346
34,340
34,339
35,345
35,344
35,343
34,338
34,337
35,342
35,341
35,340
34,336
34,335
35,339
35,338
35,337
34,334
34,333
35,336
35,335
35,334
33,169
33,168
34,332
34,331
35,333
35,332
35,331
34,330
34,329
35,330
35,329
35,328
34,328
34,327
35,327
35,326
35,325
34,326
34,325
35,324
35,323
35,322
34,324
34,323
35,321
35,320
34,322
34,321
35,319
35,318
35,317
0,422
0,421
34,320
34,309
34,308
35,316
35,315
35,314
34,307
34,306
34,305
35,313
35,312
35,311
34,304
34,303
35,310
35,309
35,308
34,302
35,307
35,306
35,305
34,301
34,300
35,304
35,303
35,302
34,299
34,298
34,297
34,296
35,301
35,300
35,299
35,298
35,297
35,296
34,295
34,294
34,293
35,295
35,294
35,293
34,292
35,292
35,291
35,290
34,291
34,290
35,289
35,288
35,287
34,289
34,288
35,286
35,285
35,284
34,287
34,286
35,283
35,282
35,281
0,420
34,285
34,284
35,280
35,279
35,278
34,283
34,282
34,281
35,277
35,276
35,275
34,280
34,279
35,274
35,273
35,272
35,271
35,270
35,269
34,278
34,277
35,268
35,267
34,276
34,275
34,274
35,266
35,265
35,264
35,263
35,262
35,261
34,273
34,272
34,271
34,270
35,260
35,259
34,269
35,191
35,180
0,419
35,179
34,268
34,267
34,266
34,265
0,417
35,255
34,264
34,263
34,262
34,261
35,254
35,253
35,252
35,251
0,416
34,260
34,259
35,250
35,249
35,248
35,247
34,258
34,257
34,122
34,121
35,246
35,245
34,45
35,244
35,243
0,415
34,105
34,65
34,42
35,242
35,241
34,256
34,255
34,254
34,253
0,413
35,240
35,239
35,238
35,237
34,252
34,251
35,236
35,235
0,412
34,250
34,249
35,258
35,257
35,256
34,248
34,247
35,234
35,233
35,224
0,398
50,36
50,35
3,2
3,1
3,3
10,278
10,12
10,138
10,284
10,126
10,96
10,98
10,1
10,196
10,2
10,3
11,14
11,4
11,24
11,25
11,10
11,28
11,1
